0.98999999999999999111822  0.50000000000000000000000
0.95857070123659116056558  0.61877366956345547510665
0.90061598205910109449235  0.72186199137205808717965
0.82118533046844999212510  0.80469277535970973325163
0.72676605198217147929540  0.86297935173104378669962
0.62416560269688703410651  0.89468665720554807485598
0.52117643758204290627134  0.89943436221823502840778
0.42347815050604226128073  0.87904456065202396519709
0.33656857392315919774717  0.83621313176724265670003
0.26594382714628272967872  0.77536405455780699202961
0.21435422543599008671222  0.70117323780370166552700
0.18402117919744681584504  0.61931867886663871658470
0.17538490437772086272261  0.53524605235511379941471
0.18760832400850419032778  0.45467338394746104057731
0.21853559242571951592993  0.38208956949371036815322
0.26522034260465354726932  0.32136075967847743672934
0.32362355751465143871570  0.27587576615244230326951
0.38913349550523712583328  0.24755554473614360677658
0.45735469999062206003515  0.23688733748775264720265
0.52341677691312915587929  0.24338523179226412285203
0.58397953815708225633330  0.26547172003071706214428
0.63502889297012576896861  0.30059091355536138312488
0.67447255036202979905369  0.34584956971248315138467
0.70046649472585809093061  0.39767398658181651871502
0.71240735680947353536396  0.45281022369800216775815
0.71023409396034864471403  0.50696243728631795733008
0.69512504836366240112966  0.55726022994206569904918
0.66890969522522081280869  0.60058344605693647633160
0.63394270003573682803477  0.63482880756106296882280
0.59260626278212236162091  0.65868472684171019970734
0.54846909783171826635595  0.67087822740749936123450
0.50408134249176606012099  0.67166323424819451837209
0.46220964472659759048057  0.66164190975996006738313
0.42553362750371853673315  0.64215637460506136413585
0.39600933415731381925795  0.61513029414074116285605
0.37481445950316782944611  0.58260259507690437263960
0.36285888924639453367860  0.54706886446906621834785
0.36025551430051111490016  0.51092918470252701723666
0.36657762916850500367616  0.47631031108321281175577
0.38080287938007795212059  0.44565287038515460915633
0.40160804334492961054082  0.42026297714681148942617
0.42716936815517692060951  0.40158502422307496004805
0.45567676661437023222234  0.39025152888471587031560
0.48499678952901342787740  0.38656373162384588537677
0.51346969643521456205804  0.39020472593973964947622
0.53908030411540186488395  0.40045734847647507237411
0.56059967657643250404931  0.41624069010241226962421
0.57701038797307369065948  0.43629592166861957958091
0.58752050994320559329509  0.45906628469006038884004
0.59179568691347705922112  0.48272860994481242569165
0.59009261034953497393474  0.50611197183456824166825
0.58285416430072045645971  0.52749254417343971468313
0.57096242117605155996785  0.54567817275949836997029
0.55543617455921356906856  0.55985906262872198180247
0.53740175458430550214928  0.56944045445045454734156
0.51816140260501153402828  0.57405473696904374403260
0.49913699934921890166706  0.57370811993603576528500
0.48146001848893693608744  0.56880747890513339015683
0.46609413783432179778643  0.55997008320609076292840
0.45377851720317724515397  0.54794935131084709922789
0.44518639784932151348684  0.53377706171675898261242
0.44054260918910431721329  0.51841396209289869467796
0.43989191266874300145773  0.50280096941026897194860
0.44307025261359056500510  0.48804252272093040510015
0.44962091748289045867182  0.47500863349096844601149
0.45885882023738500112842  0.46445923007013323324799
0.47007995252416945319851  0.45678901843118779879660
0.48241748160108255394363  0.45232866999880921854427
0.49509073365613670558716  0.45112544357640621539574
0.50721393293446626060472  0.45306438806545212827359
0.51810990703584558492167  0.45781567449405480285662
0.52714637037597578128612  0.46489012871700197138125
0.53386266618861633048709  0.47365406151966982228885
0.53806013651852291346245  0.48351356223121094712880
0.53961656699591531438642  0.49380574685153594272080
0.53857609356671454214904  0.50381470862304789104513
0.53518097106517170669093  0.51291014724167238725272
0.52982382024965435363129  0.52056812483966652393974
0.52293202617851042290908  0.52647215029220406634636
0.51505967093777993426329  0.53032522901941991921859
0.50678216074592818962685  0.53202225565144334318290
0.49859720328597117999792  0.53161280537787647393344
0.49107395516729102080689  0.52926025074306015660852
0.48457930560454937074510  0.52523534427035445393273
0.47944949078862630909015  0.51987675026819746282314
0.47594997612743972226212  0.51362114555004789728798
0.47419976374151079356878  0.50695092041802780613580
0.47417017403425920640814  0.50029090303843881670787
0.47575722311683493748191  0.49400797660476197803447
0.47875050582258121822932  0.48854213065667262405611
0.48288468839574893998190  0.48413288086911865359951
0.48783415570477783873571  0.48099839416800788116646
0.49320728376056222064250  0.47927253173401712649238
0.49865754530860212367926  0.47895611381527541938752
0.50384552043458674663867  0.47998067272022321150260
0.50843352296793542510756  0.48218837614840370786595
0.51221311694618554266611  0.48537765631915474884295
0.51496222126806379115749  0.48925933746226668574764
0.51660559805377326281217  0.49357396921297042036159
0.51709734972918275364151  0.49800455978334645656957
0.51648398123787075952862  0.50227979896656382852171
0.51487956683775970567751  0.50611583394408099501049
0.51245734686045985029068  0.50931075533562719659386
0.50939818604132558466091  0.51173575204288501705463
0.50594801806979772251793  0.51326227506855826021592
0.50237589971531082522205  0.51384927082200204662144
0.49886511812053457859406  0.51353674911947022607706
0.49566286978762108539343  0.51239556465539470853088
0.49294726082549650270082  0.51055643742418255204285
0.49084533413392211764759  0.50817485870063194841606
0.48945862352652858007218  0.50544628270428737515374
0.48881495567150462511208  0.50254329408250530963898
0.48891546468501534405959  0.49968380277754620433228
0.48970014504522191289837  0.49702742135226074537968
0.49107319531142057389417  0.49473522187587465337444
0.49291030879219244198453  0.49292071694301242690273
0.49506921506553336342904  0.49166326518683334256821
0.49739985202908443273628  0.49100464837559881781104
0.49973742446930885519052  0.49095163402574032440739
0.50193316573623414367233  0.49146509187653514283411
0.50387924965847341596259  0.49248177261237746638045
0.50544151107862700378348  0.49389422419221729043670
0.50656459700030109782887  0.49559306479675740986224
0.50720955709836101910071  0.49746071142979775281390
0.50736251116580832754011  0.49936967235864559988556
0.50704262307436664958260  0.50119729902994702985808
0.50630000560260746134134  0.50282910226841048828561
0.50521178701562385882085  0.50417269131044251118112
0.50387198868200089307834  0.50516391750215994260742
0.50237323617371754114203  0.50577070896032094715622
0.50082930220792498676730  0.50597485003469255815389
0.49933578430619252053191  0.50579355051326768677455
0.49798209943309007519119  0.50526403045963186322354
0.49683840672829188145343  0.50443929122877517734480
0.49597021056756934731524  0.50339423137738581459644
0.49540975081567106830249  0.50220765685642321241033
0.49516930947869985946141  0.50095471174919969925554
0.49524724854210688818057  0.49973107555120277467609
0.49561711802029601026121  0.49859679499914516531689
0.49623434139338351567261  0.49763080396403480687439
0.49704940980236372860546  0.49687069509878523110302
0.49799018541656581149368  0.49636006490785178346670
0.49900247639867573168360  0.49610609032472241519685
0.50000263153517932046555  0.49611404344387771692126
0.50094148810198479981892  0.49636317701001425595209
0.50175734698837848313246  0.49682172325312573546441
0.50241118090120340244908  0.49744791537187682539667
0.50287494529440812662813  0.49819576220436079250220
0.50312761274906059316692  0.49900751634868223405306
0.50316749740637733978588  0.49982783231011373992203
0.50300586811196856817929  0.50060762280199877505282
0.50266643667871924172630  0.50129591212326540805577
0.50218166056247359740894  0.50185868094696473029614
0.50159544436479064355439  0.50226529649719720005407
0.50094845506481067154425  0.50250504800385964454534
0.50028247819885440783594  0.50257404531523341972843
0.49964516821384247213800  0.50247809779742724778373
0.49907157345311364826657  0.50223494108742683383895
0.49859236813197493898286  0.50186879334744571856675
0.49823100990598512272101  0.50140940762826780030537
0.49800288763890437904180  0.50089031437665409995930
0.49791541193068056259108  0.50035051604841562777892
0.49796411931232731351571  0.49982317212175259024676
0.49813626401194821546881  0.49934471725011292386753
0.49841281994351055439907  0.49893770774583090510390
0.49877267243272382923891  0.49862062673874246732098
0.49918321113417168932713  0.49841290661512177573300
0.49962051557356063069548  0.49831667183241584728748
0.50004989188142690004213  0.49833256537133285846153
0.50045148328187338826467  0.49845178928127764628186
0.50079515539009034075235  0.49865895747178962116308
0.50106929635169339398715  0.49893779730307330488870
0.50125676249955852803453  0.49926269412695212235320
0.50135405865970306127366  0.49961177327726474795000
0.50136131900108216186140  0.49996517563914133486236
0.50128262715751414901888  0.50029659267488968410476
0.50112943927730135840193  0.50058659938212202167307
0.50091620521138646715542  0.50082118691976318380910
0.50065950288018579161786  0.50098985584470012710767
0.50037706622056798977383  0.50108629448636099468217
0.50008962510494414654971  0.50110801245290848004998
0.49981657966172260421089  0.50105889020389771104647
0.49957235906567470928863  0.50094682072281337958941
0.49937079663142242003104  0.50078284468287503905515
0.49922196230863868926519  0.50058087422477404171417
0.49913120200961469397072  0.50035535715741397133627
0.49910101963745345798884  0.50012364493648042707008
0.49912863137687535353137  0.49989848311679724313095
0.49920906563323375060293  0.49969394371714348501712
0.49933334049707234214566  0.49952275332858525613844
0.49949201576581903072594  0.49939157536239930923472
0.49967161977454932486609  0.49930768470756747845485
0.49986056491607988583326  0.49927247987406919715880
0.50004568997547427233741  0.49928533502402688837307
0.50021564145133878831473  0.49934213508935232361807
0.50036013295980397153073  0.49943587238690273499842
0.50047367304220935491088  0.49955924085985531357679
0.50055012369814355643882  0.49970231826423772147905
0.50058702569960467076982  0.49985488504389652408832
0.50058454766804871827190  0.50000653376593662269300
0.50054547359218037883011  0.50014779371133910590430
0.50047456693897263146908  0.50027070031451870146810
0.50037860028564973280396  0.50036827828530439088439
0.50026497811706083229666  0.50043646937962882326190
0.50014201355838683316080  0.50047275426228787775784
0.50001851892276394373482  0.50047684651983814774212
0.49990213429058605321131  0.50045083431830383879912
0.49979980847444938074631  0.50039853578570625547428
0.49971605416313075176404  0.50032445492035559908572
0.49965559175026341698356  0.50023477459324938720897
0.49962103634930971063355  0.50013696004103069814306
0.49961216258584972838008  0.50003650191580284456450
0.49962810248275663083106  0.49994070408538288097233
0.49966625248884821708373  0.49985453794173018149394
0.49972258586580808881195  0.49978339505601249159739
0.49979278893215339785172  0.49973011720650051259440
0.49987109990644579271546  0.49969737017018395208723
0.49995231962816005788497  0.49968559753399183209766
0.50003111968252589303319  0.49969415829070656931421
0.50010272147933609865333  0.49972112039740129718624
0.50016360894908340473108  0.49976382213417336330963
0.50021008194011484793151  0.49981830320790426869237
0.50024059279644805808829  0.49988076603159925515030
0.50025401837875149713142  0.49994652203986805760749
0.50025068426470287175079  0.50001160775018305137962
0.50023189196302886294632  0.50007130149937195628951
0.50019982574683885534483  0.50012278996967562960663
0.50015729456935931196426  0.50016330306183864884417
0.50010797026685804844703  0.50019075909183419170745
0.50005499546144582811991  0.50020464413688670024527
0.50000199070742556983760  0.50020484740905912790510
0.49995215868665587866104  0.50019217822825012831345
0.49990880886305283370419  0.50016834443254032382953
0.49987402371168920822697  0.50013560191253936260125
0.49984923293611632777456  0.50009636531871837217267
0.49983559962998097558895  0.50005380673630750454350
0.49983312447499506081527  0.50001085667421496516738
0.49984115892502894995530  0.49996990816192315998379
0.49985860086591604733997  0.49993342185828010260096
0.49988380694727130304500  0.49990341982555536182176
0.49991448976433661144370  0.49988158013425010306463
0.49994862447162291552161  0.49986846973531123827783
0.49998368038958357351120  0.49986446768801834350526
0.50001746176762285056583  0.49986918935249646800401
0.50004789059615328827846  0.49988174785471983785357
0.50007345068667774512505  0.49990091751599335934131
0.50009263261754965945727  0.49992492369840463295461
0.50010486291495936939100  0.49995213534827531720595
0.50010969987521503021810  0.49998040330961007748911
0.50010742248990491809479  0.50000813593451520766564
0.50009857233648424834627  0.50003361706195403879605
0.50008412427192605598236  0.50005531913598921800457
0.50006535605194668558937  0.50007212895049490963828
0.50004378355600764827216  0.50008329029921283481741
0.50002093192983509961635  0.50008852649879631524499
0.49999818198672923985626  0.50008792315383965298992
0.49997703026457440689256  0.50008185526938153664389
0.49995868179198482694758  0.50007104857033224387663
0.49994418285815145353013  0.50005654792246256867827
0.49993406597906470123505  0.50003940757907505698654
0.49992877647073091784691  0.50002101205485238732962
0.49992825114183486734376  0.50000238550998810094228
0.49993226906304538692538  0.49998486737533009982570
0.49994026712847350335522  0.49996944842509399853370
0.49995144098779475960725  0.49995700017759453492872
0.49996493836605210292490  0.49994801487684747964835
0.49997968016240307287390  0.49994288883320803229537
0.49999474194100324009327  0.49994163419153081484581
0.50000923202021041458210  0.49994410419202939266370
0.50002216935333887448678  0.49994991863888182948017
0.50003280895896651259136  0.49995844305102377091998
0.50004072100562624303421  0.49996898665752220747294
0.50004560351773330584280  0.49998079160893227346207
0.50004732987113031938975  0.49999304639304659181320
0.50004598265993227546033  0.50000493640161414177214
0.50004184358219327943829  0.50001574749353749904657
0.50003537700363465123843  0.50002483110900153295830
0.50002709407991818846284  0.50003180923740253582821
0.50001769619515423759282  0.50003631191670572242458
0.50000780840240266478247  0.50003826230434689215087
0.49999809459285199375600  0.50003770399038349747656
0.49998906492268169188264  0.50003481978097530369354
0.49998138914987377834365  0.50002997497776213720044
0.49997531784141946431532  0.50002354195220810595401
0.49997121507572012122367  0.50001608591533119874128
0.49996917550867270296777  0.50000812733359278894341
0.49996918276063961883438  0.50000016559153181994191
0.49997112146263567034055  0.49999267642066763661646
0.49997475171620248124427  0.49998614114842371281000
0.49997972688365033278046  0.49998091384818094118359
0.49998564554595908981938  0.49997722904362335016870
0.49999204104646505220089  0.49997522449645531716911
0.49999854726322023878993  0.49997488498194941897168
0.50000470083980508295696  0.49997613835122761694052
0.50001017976065076364733  0.49997880664594418487212
0.50001466847367470602848  0.49998263733503983674566
0.50001793867121224757000  0.49998730999943957753473
0.50001986446611967895848  0.49999247328758378294822
0.50002041117776829803887  0.49999773845198625110697
0.50001965049514784933393  0.50000282878531165930980
0.50001770983661086855676  0.50000739752824074901838
0.50001479606648746578657  0.50001119564226270686191
0.50001113096657956447189  0.50001406584538077293445
0.50000700474755432889395  0.50001586295835032114354
0.50000270894241105601452  0.50001654363319425478096
0.49999853896352508542122  0.50001614039766928421216
0.49999473010891992696969  0.50001475448093923859005
0.49999151305797207012205  0.50001254517874327287785
0.49998903032337144169972  0.50000969894065594445465
0.49998738256358482567876  0.50000641706586756995989
0.49998663897879941364621  0.50000295873938138679904
0.49998677835084842646651  0.49999954282522224291441
0.49998773730320267283389  0.49999636701438349151161
0.49998939895974942038137  0.49999363678840291758121
0.49999160958063426640763  0.49999148686384986550735
0.49999419472256301233415  0.49999000872321330835035
0.49999698470155379270707  0.49998924358776736243115
0.49999978235365727385897  0.49998920268656510401684
0.50000239562862247577613  0.49998983824802278874699
0.50000469980864514774055  0.49999106792433095636241
0.50000655713591080075986  0.49999277431776406599440
0.50000788799616646684854  0.49999482716116372404969
0.50000863506655257584299  0.49999706845098373930725
0.50000879070031956086240  0.49999933495744874889510
0.50000839038904409949993  0.50000149540331972897178
0.50000749268423461124655  0.50000342684378273894197
0.50000619050835737322558  0.50000501205493075307373
0.50000458945724013393175  0.50000618303731114711042
0.50000280466026636450039  0.50000689553443566914837
0.50000096255923331955984  0.50000713184052014703695
0.49999917050297704168571  0.50000690752287491047667
0.49999754828233677894644  0.50000626297763151040243
0.49999619031055031470601  0.50000526906559361606242
0.49999515750686684967263  0.50000400769050123983561
0.49999449680904117787605  0.50000257713933060621514
0.49999422603961463096311  0.50000108288464362171766
0.49999433341783083850629  0.49999962104115647232305
0.49999478680501180383189  0.49999827763621584875153
0.49999553736935714587375  0.49999712649117672436105
0.49999651794215360656182  0.49999623110528329528179
0.49999764846501476567298  0.49999563224404597328032
0.49999884995598453674148  0.49999534438161147287261
0.50000004327734481890388  0.49999536414229178715729
0.50000115624334995345635  0.49999566984755872134372
0.50000212985882341865107  0.49999622682414840424414
0.50000290423320092880743  0.49999698162782291177564
0.50000344664548068696064  0.49999787441987386671371
0.50000373932475827842836  0.49999884142544681608911
0.50000377997055633905177  0.49999981501633611324920
0.50000358312617865230720  0.50000073941077571859637
0.50000317369973890091472  0.50000156126893002817013
0.50000259312791639487727  0.50000222874466304645580
0.50000189048264975788527  0.50000271162380771627909
0.50000111330574881218780  0.50000299543302451077409
0.50000031642361986161660  0.50000307309940072997279
0.49999955384106087308282  0.50000295308272157956964
0.49999887120460601019900  0.50000265746230565522268
0.49999829921257560316761  0.50000221321110216443628
0.49999787272642082225360  0.50000166013697155964479
0.49999760760553207949997  0.50000103995170908088852
0.49999750960604372185259  0.50000039730105161339679
0.49999757287550850026747  0.49999976988192024185409
0.49999778349925877440896  0.49999919862434860640121
0.49999811988526787764897  0.49999871280491470226792
0.49999855062908599157012  0.49999834125943065643582
0.49999904281484114365597  0.49999809776410975015182
0.49999956270301854077687  0.49999798832252423386180
0.50000007781900257519681  0.49999801133392485219531
0.50000055393759323951741  0.49999815747194820136912
0.50000096560531015477125  0.49999841027711583452131
0.50000128742867888664847  0.49999874467722166260231
0.50000150925982367322575  0.49999913747961921561824
0.50000162074100296116796  0.49999955577150495544814
0.50000162443760542974047  0.49999997537175894235517
0.50000152698802458051119  0.50000036750454535106059
0.50000134006559315835716  0.50000071387526612287644
0.50000108123609576793456  0.50000099273301679136949
0.50000077288565147881627  0.50000119008373511420018
0.50000043721275611030563  0.50000130029880840432099
0.50000009389878663501605  0.50000132288006560177251
0.49999976759381159485685  0.50000126085894180949509
0.49999947910938769002342  0.50000112468928192832607
0.49999924081153557242629  0.50000092703535281568605
0.49999906454676840139584  0.50000068320644619479509
0.49999895907931857230722  0.50000041298127551048225
0.49999892595431971731301  0.50000013587674152493179
0.49999896178709823946207  0.49999986777356786316062
0.49999906045419556521736  0.49999962453787138993988
0.49999921064343916254913  0.49999942235859501371564
0.49999939993005149130312  0.49999926918876713699547
0.49999961461159725395476  0.49999917105231933556198
0.49999983908787992703537  0.49999913102284176957824
0.50000005965281957287516  0.49999914772840686749689
0.50000026235198469226617  0.49999921683337844591222
0.50000043416768935600203  0.49999932988552681090155
0.50000056771652146014873  0.49999947698147167995941
0.50000065738253973712801  0.49999964683984099433900
0.50000070065657509221779  0.49999982816484789260869
0.50000069736882413184986  0.50000000891845330919239
0.50000065054278819420830  0.50000017714314881622784
0.50000056620036481547231  0.50000032290374329946303
0.50000045240876667129726  0.50000043861734944083963
0.50000031739933836760770  0.50000051994577621172766
0.50000017137891172858133  0.50000056341926790715036
0.50000002425985612397596  0.50000056880343990428628
0.49999988516015808626136  0.50000053827090595870430
0.49999976262406820026740  0.50000047619448695357391
0.49999966294546210887617  0.50000038856621720206874
0.49999959034362856380440  0.50000028189263989730762
0.49999954844066329950891  0.50000016492560706016235
0.49999953750343029135195  0.50000004567049438630733
0.49999955605820656234783  0.49999993089127686696216
0.49999960114886371487231  0.49999982802977810392164
0.49999966827329922480772  0.49999974256500590019670
0.49999975175474148381127  0.49999967882044693556765
0.49999984498019894862963  0.49999963948378156608499
0.49999994230102523529169  0.49999962503324846263553
0.50000003618575328268037  0.49999963502747368782053
0.50000012171207752764701  0.49999966698123260444575
0.50000019468669365529934  0.49999971788483005274983
0.50000025021682137360557  0.49999978274924267163115
0.50000028669946594561679  0.49999985707703975545968
0.50000030285436058985482  0.49999993527095198952992
0.50000029911929599890641  0.50000001282313455419626
0.50000027694150328549938  0.50000008412344520980497
0.50000023896383682942002  0.50000014556698035850246
0.50000018833302450893541  0.50000019417183427794527
0.50000012947004390806427  0.50000022720720715962983
0.50000006610720726385466  0.50000024401253628791864
0.50000000283071521778311  0.50000024438403412041509
0.49999994387518842398066  0.50000022950890410378122
0.49999989213800261067533  0.50000020134167144636450
0.49999985027742205323520  0.50000016230540034190000
0.49999982060105147008144  0.50000011569946534173425
0.49999980406362076745808  0.50000006479489589317211
0.49999980094303936306588  0.50000001341099142848634
0.49999981040475111049304  0.49999996459532919379498
0.49999983102015665981099  0.49999992118186958878212
0.49999986089826176094419  0.49999988535706779702039
0.49999989735065414331316  0.49999985918103889703801
0.49999993800338315974585  0.49999984335744124264167
0.49999997992581657335620  0.49999983837995398694432
0.50000002034196355804596  0.49999984387442836242244
0.50000005665419355871393  0.49999985872805319253587
0.50000008713318788711177  0.49999988142593582152173
0.50000011016758905135760  0.49999991000680504837916
0.50000012485642475468239  0.49999994235570816014658
0.50000013078424532242394  0.49999997611743157710507
0.50000012819517447582029  0.50000000920436293849747
0.50000011777208053231902  0.50000003959692329580378
0.50000010073277689759408  0.50000006543107122780611
0.50000007847273775229979  0.50000008559522968187849
0.50000005289707971645186  0.50000009901690090075022
0.50000002562489065383033  0.50000010545826334418251
0.49999999853945298333713  0.50000010490712232247290
0.49999997333565160406721  0.50000009786012677981404
0.49999995134710095712194  0.50000008513249805108813
0.49999993393102776240156  0.50000006797508500522298
0.49999992171475099445033  0.50000004763775385274727
0.49999991520746178697010  0.50000002566758239286315
0.49999991442378582950923  0.50000000345084139041774
0.49999991906951729569997  0.49999998251759553147267
0.49999992849541669004410  0.49999996402724133925943
0.49999994178320811277771  0.49999994902303757093875
0.49999995779185574251713  0.49999993823728045017063
0.49999997543691682144740  0.49999993197976261294357
0.49999999335428224611633  0.49999993040248308373563
0.50000001059911547418579  0.49999993324747271650210
0.50000002610032856509292  0.49999994009849435538939
0.50000003891833444402693  0.49999995024556109779468
0.50000004846386081336362  0.49999996284644088184734
0.50000005434253491642949  0.49999997693299164103209
0.50000005643893119522403  0.49999999152257079693129
0.50000005488061094460761  0.50000000568092262120956
0.50000004998913660791970  0.50000001860409781784256
0.50000004227605876483409  0.50000002952386513044303
0.50000003242342250242558  0.50000003786444924269716
0.50000002124033193773300  0.50000004325842684060888
0.50000000948487632879136  0.50000004561317457074665
0.49999999790789856346507  0.50000004499073869013159
0.49999998715269777793679  0.50000004160284372556333
0.49999997795118872323528  0.50000003585646335402259
0.49999997068968549118750  0.50000002822835287741299
0.49999996573406446653820  0.50000001932511339841625
0.49999996325431772525860  0.50000000980482817158901
0.49999996323524337205058  0.50000000034648395264014
0.49999996549146707991440  0.49999999148501284018664
0.49999996974695332108141  0.49999998370713166773172
0.49999997560392861473133  0.49999997745443836016932
0.49999998262111861047075  0.49999997299512077830741
0.49999999028296615577460  0.49999997051426986471867
0.49999999800382766146356  0.49999997005342905476155
0.50000000535502453491432  0.49999997148364616617044
0.50000001191274368039785  0.49999997460558076589621
0.50000001730616672190877  0.49999997912369587016457
0.50000002124923281776603  0.49999998464768213857212
0.50000002359537809581980  0.49999999075185708186098
0.50000002432397339102721  0.49999999706719394643173
0.50000002347984473516362  0.50000000311273917752430
0.50000002123404074794166  0.50000000856804671656164
0.50000001780634073522691  0.50000001315044595440185
0.50000001347708034060702  0.50000001662274951019782
0.50000000859114879236955  0.50000001881977185202999
0.50000000347510997755762  0.50000001969565754933456
0.49999999850952270286086  0.50000001927715720384526
0.49999999395223898579488  0.50000001768619328768040
0.49999999005818762665143  0.50000001508917912840246
0.49999998703747855488544  0.50000001171055352688910
0.49999998503608727995484  0.50000000782838194268720
0.49999998409927304265921  0.50000000370312247532922
0.49999998422163965949849  0.49999999960767832485331
0.49999998532240469417687  0.49999999583063203800748
0.49999998727610145410338  0.49999999253751920003097
0.49999998989379662583943  0.49999998993929223312094
0.49999999298347103104945  0.49999998813326035351778
0.49999999629883462581859  0.49999998719684835002397
0.49999999963034597039169  0.49999998712117971200186
0.50000000277884015797980  0.49999998785833382752841
0.50000000554259438345639  0.49999998931013045488925
0.50000000777769093573966  0.49999999133878325618952
0.50000000937441368975556  0.49999999377381154630484
0.50000001028068807862326  0.49999999644075304727764
0.50000001048434095096695  0.49999999916512527509127
0.50000001001380656173723  0.50000000176243741822901
0.50000000894957596919710  0.50000000406509637063124
0.50000000738966510205330  0.50000000597432370241791
0.50000000547219025648360  0.50000000737889072066622
0.50000000333677563357782  0.50000000823033463603906
0.50000000112948583819161  0.50000000851101833454493
0.49999999899534980363214  0.50000000823905510483058
0.49999999706353143169579  0.50000000746740214108144
0.49999999545093121167127  0.50000000628325447227240
0.49999999422251645286863  0.50000000478098982625852
0.49999999343706169607771  0.50000000307999381554680
0.49999999311363735321478  0.50000000130326727187935
0.49999999323938221218455  0.49999999955121177119821
0.49999999378193082932853  0.49999999794086696924822
0.49999999468017414239185  0.49999999656527333025124
0.49999999585196747142746  0.49999999549791313002700
0.49999999720370436051553  0.49999999478422285648094
0.49999999864415417549779  0.49999999444173820473125
0.50000000007503475618620  0.49999999446955556425820
0.50000000140825284766777  0.49999999484178492270559
0.50000000256485077620994  0.49999999551204832304308
0.50000000348196838029224  0.49999999641555969986939
0.50000000412583256448329  0.49999999748677476096859
0.50000000446763759320845  0.49999999863899213803364
0.50000000451091175523999  0.49999999980764420204338
0.50000000426893942417905  0.50000000090995089241375
0.50000000377459175027184  0.50000000188628412889358
0.50000000307744685290601  0.50000000267772437556602
0.50000000223692986356383  0.50000000324784499294850
0.50000000130934141306938  0.50000000358059304428338
0.50000000036048042328929  0.50000000366800934070710
0.49999999945525586131367  0.50000000352120754776308
0.49999999863687799583900  0.50000000316339743289262
0.49999999796053051781541  0.50000000263241495268574
0.49999999745426282338201  0.50000000197050642469776
0.49999999714110671122924  0.50000000122982968253638
0.49999999702718123106848  0.50000000046316694923831
0.49999999710528603147353  0.49999999971596881254143
0.49999999735836558878432  0.49999999903645903076566
0.49999999775968312354379  0.49999999846038178930030
0.49999999827247781913897  0.49999999801966077406234
0.49999999886260837467233  0.49999999772828973565453
0.49999999948460577270382  0.49999999759864677262300
0.50000000009957812352468  0.49999999762773705835883
0.50000000066679495258626  0.49999999780360265821955
0.50000000115454867888332  0.49999999810496803531734
0.50000000153847834472032  0.49999999850497167663832
0.50000000180258552529011  0.49999999897448677010914
0.50000000193451410446244  0.49999999947340234562887
0.50000000193802673909005  0.49999999997236538318290
0.50000000182063975007196  0.50000000044299397483627
0.50000000159700386248574  0.50000000085491924650682
0.50000000128918253849974  0.50000000118519005720685
0.50000000092142371510562  0.50000000142022704707756
0.50000000051888504604136  0.50000000155220680753132
0.50000000010902501124121  0.50000000157844426418308
0.49999999971981096136275  0.50000000150369972029551
0.49999999937456346410514  0.50000000133992750228629
0.49999999909100101280757  0.50000000110329789748675
0.49999999888185009400132  0.50000000081216455782851
0.49999999875656681025404  0.50000000048868553648163
0.49999999871782480065363  0.50000000015558787591630
0.49999999876237605223039  0.49999999983463183639287
0.49999999888175983286942  0.49999999954545026881192
0.49999999906278003170002  0.49999999930474242626488
0.49999999929075250593158  0.49999999912270021162897
0.49999999954734863916173  0.49999999900775859984492
0.49999999981595066866902  0.49999999896184915693098
0.50000000007967870807590  0.49999999898384683838515
0.50000000032000280203448  0.49999999906803688221046
0.50000000052546889062199  0.49999999920543974907261
0.50000000068455896506947  0.49999999938399375398745
0.50000000078928896751762  0.49999999958813640121846
0.50000000083830975494692  0.49999999980506859564855
0.50000000083179296783698  0.50000000002064870496810
0.50000000077347639404479  0.50000000022080359762811
0.50000000067027872141523  0.50000000039423675435302
0.50000000053250259757220  0.50000000053064308502826
0.50000000036984526552430  0.50000000062560989722016
0.50000000019426871222805  0.50000000067519145829920
0.50000000001901234725210  0.50000000067894978528216
0.49999999985392296064646  0.50000000064017058321042
0.49999999970851416453144  0.50000000056390558889063
0.49999999959085084100252  0.50000000045737502674115
0.49999999950640899859522  0.50000000032913305414439
0.49999999945859641137247  0.50000000018926138434239
0.49999999944748874103340  0.50000000004639122419547
0.49999999947157375279616  0.49999999991012711308969
0.49999999952715318274343  0.49999999978802506239717
0.49999999960892405059809  0.49999999968693054075430
0.49999999970928160619721  0.49999999961267577175406
0.49999999982156007050094  0.49999999956715529547679
0.49999999993795340991198  0.49999999955166163356779
0.50000000004981026702211  0.49999999956528673461520
0.50000000015152479271308  0.49999999960506563700946
0.50000000023699919804443  0.49999999966674385509791
0.50000000030245361770653  0.49999999974541958769336
0.50000000034466018927759  0.49999999983484766374886
0.50000000036255609625613  0.49999999992883564781110
0.50000000035656411156992  0.50000000002106359531240
0.50000000032879565736721  0.50000000010549650042435
0.50000000028225954906702  0.50000000017823020836971
0.50000000022111634745414  0.50000000023506308011179
0.50000000015036616396458  0.50000000027335778085558
0.50000000007506395505175  0.50000000029211799645879
0.49999999999980493381457  0.50000000029157676273428
0.49999999992971072559911  0.50000000027297475391208
0.49999999986800136575482  0.50000000023840018847920
0.49999999981879555965847  0.50000000019122181615927
0.49999999978409059853135  0.50000000013507117646583
0.49999999976518999522668  0.50000000007404443724823
0.49999999976230014020473  0.50000000001232258739492
0.49999999977448261745394  0.49999999995429300625460
0.49999999979993087206864  0.49999999990275750816338
0.49999999983621118415655  0.49999999986064402879293
0.49999999988047683086023  0.49999999982989440372450
0.49999999992928084724397  0.49999999981186910025244
0.49999999997947985885816  0.49999999980678760946873
0.50000000002731004311585  0.49999999981415926830763
0.50000000007037503912954  0.49999999983260218217040
0.50000000010645229142625  0.49999999986040916111207
0.50000000013333534276683  0.49999999989500726327307
0.50000000015024259614194  0.49999999993408389409311
0.50000000015657775076505  0.49999999997469352086554
0.50000000015268175612704  0.50000000001413058559052
0.50000000013953482813633  0.50000000005003464309539
0.50000000011843515057564  0.50000000008067968515491
0.50000000009147005375354  0.50000000010404799244412
0.50000000006037459421293  0.50000000011954992551466
0.50000000002759270589792  0.50000000012650136493875
0.49999999999519778581814  0.50000000012507717084276
0.49999999996516308886640  0.50000000011588319193123
0.49999999993947308318809  0.50000000010010592355059
0.49999999991920102138110  0.50000000007912692723266
0.49999999990529586657573  0.50000000005462652552524
0.49999999989817434098427  0.50000000002833000500857
0.49999999989783955323119  0.50000000000188582482963
0.49999999990389687454240  0.49999999997716193522734
0.49999999991551696831849  0.49999999995548333187045
0.49999999993163085632020  0.49999999993796556685410
0.49999999995107302641628  0.49999999992535909543179
0.49999999997213423474918  0.49999999991834470636221
0.49999999999357241931008  0.49999999991683846678470
0.50000000001399891313980  0.49999999992058913322879
0.50000000003228239897624  0.49999999992904520240700
0.50000000004738265335646  0.49999999994139859849085
0.50000000005855638196550  0.49999999995665372898301
0.50000000006525824325365  0.49999999997350652591876
0.50000000006748923642164  0.49999999999098582170731
0.50000000006536060581652  0.50000000000779665221273
0.50000000005930433921719  0.50000000002307309898697
0.50000000004993871982606  0.50000000003592515174233
0.50000000003807387738419  0.50000000004568723177556
0.50000000002462885451138  0.50000000005195188723661
0.50000000001053801490514  0.50000000005457378993157
0.49999999999662392280442  0.50000000005362710275847
0.49999999998387550936840  0.50000000004938016662237
0.49999999997300936804834  0.50000000004234845807360
0.49999999996454258521794  0.50000000003316158458944
0.49999999995880167746876  0.50000000002248212727096
0.49999999995599536672941  0.50000000001105671110224
0.49999999995613769732117  0.49999999999969058084304
0.49999999995901284188804  0.49999999998912825205366
0.49999999996428506898738  0.49999999997987631950025
0.49999999997139821239500  0.49999999997256777684029
0.49999999997985627997465  0.49999999996741040231285
0.49999999998899108399897  0.49999999996463562190741
0.49999999999825334162651  0.49999999996423621917430
0.50000000000702238267536  0.49999999996610428043553
0.50000000001474942390445  0.49999999996996158380114
0.50000000002108757612973  0.49999999997546606955723
0.50000000002567324131064  0.49999999998213873197983
0.50000000002834277257335  0.49999999998947192159093
0.50000000002907085683290  0.49999999999695965424706
0.50000000002794386944061  0.50000000000419608792157
0.50000000002513544927751  0.50000000001069810906529
0.50000000002093580864226  0.50000000001609723465634
0.50000000001569899765741  0.50000000002013322841776
0.50000000000980826531105  0.50000000002264877174696
0.50000000000372035735552  0.50000000002356859152286
0.49999999999777389181332  0.50000000002295919010464
0.49999999999238003978164  0.50000000002095734696894
0.49999999998779021126438  0.50000000001776701008538
0.49999999998428912295623  0.50000000001369360180803
0.49999999998198324524523  0.50000000000901823060673
0.49999999998096095188416  0.50000000000411026768177
0.49999999998118443977901  0.49999999999926664218108
0.49999999998256006161768  0.49999999999478278445153
0.49999999998492966613028  0.49999999999091265800999
0.49999999998807759249431  0.49999999998786359700631
0.49999999999177507925552  0.49999999998575728188399
0.49999999999572491971023  0.49999999998468552808717
0.49999999999971317388159  0.49999999998463151573702
0.50000000000346067619006  0.49999999998554867097766
0.50000000000671662725438  0.49999999998730121353319
0.50000000000936606348034  0.49999999998974575809996
0.50000000001124411674880  0.49999999999266331318637
0.50000000001229516488621  0.49999999999584138210551
0.50000000001251398984436  0.49999999999908045777985
0.50000000001193789511689  0.50000000000215261142245
0.50000000001065347809970  0.50000000000490141260912
0.50000000000878863648524  0.50000000000716127157574
0.50000000000648958664584  0.50000000000883193518320
0.50000000000393041155178  0.50000000000983935155574
0.50000000000130129240716  0.50000000001015987294295
0.49999999999876149070488  0.50000000000982447456721
0.49999999999646199677628  0.50000000000889510687330
0.49999999999454436405699  0.50000000000747546469171
0.49999999999309052700625  0.50000000000568356472996
0.49999999999215793966556  0.50000000000364819285892
0.49999999999177779930193  0.50000000000151956225380
0.49999999999193567301603  0.49999999999944577666611
0.49999999999258781802070  0.49999999999752486878890
0.49999999999365812852758  0.49999999999589478383299
0.49999999999505140291234  0.49999999999462874100686
0.49999999999666583372360  0.49999999999377642279086
0.49999999999838090625204  0.49999999999336919298543
0.50000000000008326672685  0.49999999999340194456465
0.50000000000167477143265  0.49999999999384464599572
0.50000000000305666603140  0.49999999999464389555115
0.50000000000415467660275  0.49999999999572425357641
0.50000000000492028640053  0.49999999999699851205293
0.50000000000533173505346  0.49999999999838184994161
0.50000000000538169508957  0.49999999999977118303462
0.50000000000509370323698  0.50000000000108235642671
0.50000000000450506298932  0.50000000000224664731263
0.50000000000367617047914  0.50000000000318922666054
0.50000000000266886512890  0.50000000000387467835594
0.50000000000156730184386  0.50000000000426980673041
0.50000000000043176573428  0.50000000000437583302926
0.49999999999934324756978  0.50000000000419986267985
0.49999999999836963748834  0.50000000000377220477077
0.49999999999756389312822  0.50000000000313826742371
0.49999999999696048691433  0.50000000000234778863017
0.49999999999658750748921  0.50000000000146316292415
0.49999999999645172721330  0.50000000000054201088062
0.49999999999654742843802  0.49999999999965227814869
0.49999999999685140750216  0.49999999999884231494107
0.49999999999733046873729  0.49999999999815852858021
0.49999999999794608740444  0.49999999999763122815466
0.49999999999865235578156  0.49999999999728517163788
0.49999999999939520600734  0.49999999999713296006121
0.50000000000012678746941  0.49999999999717015253253
0.50000000000080446760364  0.49999999999738237166369
0.50000000000138800082539  0.49999999999774569214850
0.50000000000184496862232  0.49999999999822625218471
0.50000000000215505391310  0.49999999999878452783264
0.50000000000231070718115  0.49999999999938210537564
0.50000000000231226149339  0.49999999999997718491684
0.50000000000217059703544  0.50000000000053468340866
0.50000000000190392146493  0.50000000000102251540568
0.50000000000153521639845  0.50000000000141708866863
0.50000000000109556808070  0.50000000000169675384853
0.50000000000061461946643  0.50000000000185329529501
0.50000000000012601031329  0.50000000000188338233897
0.49999999999966293628972  0.50000000000179345427398
0.49999999999925132110334  0.50000000000159738888783
0.49999999999891464597113  0.50000000000131550326188
0.49999999999866695521433  0.50000000000097022390122
0.49999999999851779675097  0.50000000000058619775700
0.49999999999847072329473  0.50000000000018907098109
0.49999999999852262622113  0.49999999999980920817322
0.49999999999866262534454  0.49999999999946587170285
0.49999999999887667634368  0.49999999999917760229451
0.49999999999914768178400  0.49999999999895833324715
0.49999999999945415884994  0.49999999999881888923525
0.49999999999977318143607  0.49999999999876276746136
0.50000000000008804068585  0.49999999999878719236790
0.50000000000037636560535  0.49999999999888633528400
0.50000000000062061467077  0.49999999999904792824523
0.50000000000081090689719  0.49999999999925870408646
0.50000000000093847152272  0.49999999999950262008497
0.50000000000099875663295  0.49999999999976180165007
0.50000000000099253938401  0.50000000000001709743458
0.50000000000092481577951  0.50000000000025601742948
0.50000000000080357942522  0.50000000000046351811278
0.50000000000063982152909  0.50000000000062849725424
0.50000000000044630965590  0.50000000000074329431499
0.50000000000023903101720  0.50000000000080335738062
0.50000000000002908784325  0.50000000000080979667416
0.49999999999983069098874  0.50000000000076483264166
0.49999999999965738517460  0.50000000000067534866588
0.49999999999951644236162  0.50000000000054967141949
0.49999999999941480144372  0.50000000000039812597663
0.49999999999935584860111  0.50000000000023081536682
0.49999999999934136019064  0.50000000000006106226635
0.49999999999936878269935  0.49999999999989769294828
0.49999999999943367523514  0.49999999999975203168745
0.49999999999952948748216  0.49999999999963146146698
0.49999999999964911401307  0.49999999999954097829047
0.49999999999978278486523  0.49999999999948541162809
0.49999999999992045252029  0.49999999999946592721400
0.50000000000005517808432  0.49999999999948091522484
0.50000000000017752466164  0.49999999999952760010302
0.50000000000028010926911  0.49999999999960059726689
0.50000000000035882408156  0.49999999999969396702326
0.50000000000040989434069  0.49999999999980015985557
0.50000000000043187675658  0.49999999999991190380300
0.50000000000042554848534  0.50000000000002209343819
0.50000000000039312997302  0.50000000000012323475573
0.50000000000033806291100  0.50000000000021049828547
0.50000000000026589841440  0.50000000000027844393458
0.50000000000018196555374  0.50000000000032462921240
0.50000000000009203748874  0.50000000000034783287362
0.50000000000000244249065  0.50000000000034783287362
0.49999999999991806554078  0.50000000000032618352463
0.49999999999984479082116  0.50000000000028566038424
0.49999999999978550491164  0.50000000000022970514379
0.49999999999974364950361  0.50000000000016309176232
0.49999999999972072339816  0.50000000000009092726572
0.49999999999971656006181  0.50000000000001754152379
0.49999999999973043784962  0.49999999999994793054015
0.49999999999976019182668  0.49999999999988625765113
0.49999999999980321296889  0.49999999999983540943660
0.49999999999985567100680  0.49999999999979827247643
0.49999999999991345811523  0.49999999999977640108284
0.49999999999997274402475  0.49999999999976979525584
0.50000000000003008704397  0.49999999999977795539507
0.50000000000008171241461  0.49999999999979938269945
0.50000000000012490009027  0.49999999999983185672292
0.50000000000015754064719  0.49999999999987276844138
0.50000000000017807977315  0.49999999999991878718575
0.50000000000018629542353  0.49999999999996691535387
0.50000000000018240964295  0.50000000000001398881011
0.50000000000016742163211  0.50000000000005695444116
0.50000000000014288570327  0.50000000000009381384558
0.50000000000011124434707  0.50000000000012223555501
0.50000000000007460698725  0.50000000000014133139103
0.50000000000003586020370  0.50000000000015021317523
0.49999999999999711342014  0.50000000000014932499681
0.49999999999996114219414  0.50000000000013899992268
0.49999999999993000043830  0.50000000000012068124278
0.49999999999990518695370  0.50000000000009603429163
0.49999999999988797849682  0.50000000000006683542608
0.49999999999987904120147  0.50000000000003563815909
0.49999999999987815302305  0.50000000000000432986980
0.49999999999988492538350  0.49999999999997457589274
0.49999999999989841459325  0.49999999999994848565166
0.49999999999991739940697  0.49999999999992711385843
0.49999999999994021449012  0.49999999999991190380300
0.49999999999996530553048  0.49999999999990307752995
0.49999999999999095168235  0.49999999999990091259505
0.50000000000001554312234  0.49999999999990507593139
0.50000000000003752553823  0.49999999999991490140516
0.50000000000005562217353  0.49999999999992938981563
0.50000000000006916689443  0.49999999999994731991748
0.50000000000007749356712  0.49999999999996747046538
0.50000000000008038014698  0.49999999999998828714709
0.50000000000007804867863  0.50000000000000854871729
0.50000000000007105427358  0.50000000000002675637489
0.50000000000005995204333  0.50000000000004229949724
0.50000000000004596323322  0.50000000000005406786130
0.50000000000002997602166  0.50000000000006172840017
0.50000000000001321165399  0.50000000000006494804694
0.49999999999999661381977  0.50000000000006405986852
0.49999999999998140376434  0.50000000000005906386491
0.49999999999996824762150  0.50000000000005084821453
0.49999999999995797805852  0.50000000000003985700658
0.49999999999995098365346  0.50000000000002708944180
0.49999999999994759747324  0.50000000000001354472090
0.49999999999994765298439  0.49999999999999994448885
0.49999999999995103916461  0.49999999999998728794637
0.49999999999995725641355  0.49999999999997624122727
0.49999999999996569410854  0.49999999999996741495423
0.49999999999997579713806  0.49999999999996125321644
0.49999999999998667732370  0.49999999999995786703622
0.49999999999999772404280  0.49999999999995736743585
0.50000000000000810462808  0.49999999999995953237075
0.50000000000001743050149  0.49999999999996408428515
0.50000000000002498001805  0.49999999999997057908985
0.50000000000003053113318  0.49999999999997851718447
0.50000000000003375077995  0.49999999999998717692407
0.50000000000003463895837  0.49999999999999611421941
0.50000000000003341771304  0.50000000000000477395901
0.50000000000003008704397  0.50000000000001254552018
0.50000000000002509104036  0.50000000000001909583602
0.50000000000001887379142  0.50000000000002386979503
0.50000000000001187938636  0.50000000000002686739720
0.50000000000000466293670  0.50000000000002808864252
0.49999999999999761302050  0.50000000000002742250871
0.49999999999999111821580  0.50000000000002509104036
0.49999999999998567812298  0.50000000000002131628207
0.49999999999998140376434  0.50000000000001654232307
0.49999999999997862820678  0.50000000000001099120794
0.49999999999997735145030  0.50000000000000510702591
0.49999999999997751798375  0.49999999999999933386619
0.49999999999997912780714  0.49999999999999394928452
0.49999999999998195887585  0.49999999999998928634781
0.49999999999998567812298  0.49999999999998562261183
0.49999999999999006350393  0.49999999999998306909887
0.49999999999999483746294  0.49999999999998173683124
0.49999999999999955591079  0.49999999999998168132009
0.50000000000000399680289  0.49999999999998273603197
0.50000000000000788258347  0.49999999999998478994456
0.50000000000001110223025  0.49999999999998767652443
0.50000000000001332267630  0.49999999999999117372695
0.50000000000001465494393  0.49999999999999494848524
0.50000000000001487698853  0.49999999999999883426582
0.50000000000001421085472  0.50000000000000255351296
0.50000000000001276756478  0.50000000000000577315973
0.50000000000001054711873  0.50000000000000854871729
0.50000000000000777156117  0.50000000000001054711873
0.50000000000000477395901  0.50000000000001176836406
0.50000000000000166533454  0.50000000000001210143097
0.49999999999999855671007  0.50000000000001176836406
0.49999999999999583666366  0.50000000000001065814104
0.49999999999999350519531  0.50000000000000899280650
0.49999999999999178434962  0.50000000000000677236045
0.49999999999999067412659  0.50000000000000444089210
0.49999999999999017452623  0.50000000000000188737914
0.49999999999999039657084  0.49999999999999938937734
0.49999999999999111821580  0.49999999999999711342014
0.49999999999999239497228  0.49999999999999511501869
0.49999999999999406030682  0.49999999999999361621761
0.49999999999999600319711  0.49999999999999261701689
0.49999999999999805710971  0.49999999999999211741653
0.50000000000000011102230  0.49999999999999211741653
0.50000000000000199840144  0.49999999999999267252804
0.50000000000000355271368  0.49999999999999356070646
0.50000000000000488498131  0.49999999999999489297409
0.50000000000000588418203  0.49999999999999639177517
0.50000000000000632827124  0.49999999999999805710971
0.50000000000000643929354  0.49999999999999972244424
0.50000000000000610622664  0.50000000000000122124533
0.50000000000000544009282  0.50000000000000266453526
0.50000000000000444089210  0.50000000000000377475828
0.50000000000000321964677  0.50000000000000466293670
0.50000000000000188737914  0.50000000000000510702591
0.50000000000000055511151  0.50000000000000521804822
0.49999999999999922284388  0.50000000000000499600361
0.49999999999999805710971  0.50000000000000455191440
0.49999999999999711342014  0.50000000000000377475828
0.49999999999999639177517  0.50000000000000277555756
0.49999999999999594768596  0.50000000000000177635684
0.49999999999999578115251  0.50000000000000066613381
0.49999999999999589217481  0.49999999999999961142194
0.49999999999999622524172  0.49999999999999861222122
0.49999999999999678035323  0.49999999999999783506510
0.49999999999999755750935  0.49999999999999716893129
0.49999999999999839017661  0.49999999999999678035323
0.49999999999999927835503  0.49999999999999655830862
0.50000000000000011102230  0.49999999999999661381977
0.50000000000000088817842  0.49999999999999689137553
0.50000000000000166533454  0.49999999999999727995359
0.50000000000000222044605  0.49999999999999783506510
0.50000000000000255351296  0.49999999999999850119892
0.50000000000000277555756  0.49999999999999922284388
0.50000000000000277555756  0.49999999999999994448885
0.50000000000000255351296  0.50000000000000066613381
0.50000000000000233146835  0.50000000000000122124533
0.50000000000000188737914  0.50000000000000166533454
0.50000000000000133226763  0.50000000000000199840144
0.50000000000000077715612  0.50000000000000222044605
0.50000000000000022204460  0.50000000000000222044605
0.49999999999999961142194  0.50000000000000210942375
0.49999999999999911182158  0.50000000000000188737914
0.49999999999999872324352  0.50000000000000155431223
0.49999999999999844568777  0.50000000000000122124533
0.49999999999999822364316  0.50000000000000066613381
0.49999999999999816813201  0.50000000000000022204460
0.49999999999999822364316  0.49999999999999977795540
0.49999999999999839017661  0.49999999999999938937734
0.49999999999999866773237  0.49999999999999900079928
0.49999999999999900079928  0.49999999999999877875467
0.49999999999999933386619  0.49999999999999861222122
0.49999999999999972244424  0.49999999999999850119892
0.50000000000000011102230  0.49999999999999855671007
0.50000000000000044408921  0.49999999999999866773237
0.50000000000000077715612  0.49999999999999888977698
0.50000000000000099920072  0.49999999999999911182158
0.50000000000000111022302  0.49999999999999938937734
0.50000000000000122124533  0.49999999999999972244424
0.50000000000000122124533  0.50000000000000000000000
0.50000000000000111022302  0.50000000000000033306691
0.50000000000000099920072  0.50000000000000055511151
0.50000000000000077715612  0.50000000000000077715612
0.50000000000000055511151  0.50000000000000088817842
